#Sample massBin relRateErrLow relRate relRateErrUp
Vol_limited 7.5 1.3263272092114882 3.1321753479615495 6.964407582965511
Vol_limited 8.0 1.6007923590104531 3.0576839183597793 5.698373244170411
Vol_limited 8.5 3.1185517581751645 4.840920233196228 7.487977928131759
Vol_limited 9.0 0.8233531288491375 1.426391269941331 2.4393513944884555
Vol_limited 9.5 0.7074457210563545 1.1337217021263233 1.8062466289008852
Vol_limited 10.0 1.0 1.0 1.0
Vol_limited 10.5 0.34278533629581903 0.49258057190521315 0.7083189154274834
Vol_limited 11.0 0.2884809959781973 0.4082889483390601 0.5786003176349624
Vol_limited 11.5 0.27215681367512373 0.4452700449651804 0.7230260234281976
