#simID stellarMass SFR[Msun yr^-1] sSFR[yr^-1]
m12i 68391084000.0 7.560497838017421 1.105480041523749e-10
m12f 82032020000.0 9.348554687241089 1.1396226360439605e-10
m12z 21742567000.0 5.496969074523767 2.528206110402588e-10
m12r 17755498000.0 2.7911366789790346 1.5719844517901074e-10
m12w 61415223000.0 13.955107329056597 2.2722554193211342e-10
m12b 91186160000.0 10.905427412758963 1.1959520406121897e-10
m12c 63036064000.0 9.829868744135329 1.5594039539231588e-10
m12m 120493830000.0 13.490905513212144 1.1196345500190461e-10
m11d 3978247400.0 0.7155514369062047 1.7986599750086048e-10
m11e 1459644700.0 0.24257639609521142 1.6618865953831876e-10
m11h 142533820.0 0.001434640098395828 1.0065260991362107e-11
m11i 1006263500.0 0.09129942787666873 9.073113342247704e-11
m10q 2434458.2 0.0 0.0
m10v 1753388.6 0.00024784526614422163 1.4135216012253167e-10
m10w_nmd 3475385.5 0.0005930153469332112 1.7063296918664455e-10
m10y_nmd 22577568.0 0.0005642733081490111 2.499265235959033e-11
m10z_nmd 39834790.0 0.0027989539905867917 7.026405788976901e-11
m11a_nmd 124540640.0 0.01893956887312195 1.5207540986718833e-10
m11c_nmd 889197900.0 0.10372991329595443 1.1665559859729137e-10
m11q880 399238370.0 0.030714763477120405 7.69333956481197e-11
m11f_nmd 26990940000.0 5.146690901523199 1.9068216599804225e-10
m11g_nmd 52167516000.0 9.725841244304634 1.8643481595528976e-10
m11v_nmd 1142119600.0 0.24635650307631493 2.157011429243618e-10
m11b 48937852.0 0.0008237009787807104 1.683157198605101e-11
Romeo 68779570000.0 5.568676541952272 8.096410812036586e-11
Juliet 40831070000.0 4.204860868274457 1.0298189266836399e-10
Romulus 93200270000.0 12.156005596172111 1.304288667422542e-10
Remus 48225030000.0 4.050659196424601 8.399495441318752e-11
Thelma 75297930000.0 11.148496073230703 1.480584668560039e-10
Louise 27159075000.0 2.8384398214026456 1.0451165297060543e-10
